A R N D C Q E G H I L K M F P S T W Y V B Z X *
4.0052371329406045 -2.0 -1.0 -2.742606675905163 -1.0 -1.3020471525680901 -1.6156776113417755 0.0961348426683285 -2.0 -0.4249340334940377 -1.571624706131577 -2.0541072310469244 -1.406815019470182 -3.970828556896424 0.2837611618877501 0.8204464293464993 0.8798405900100116 -3.1797994838598105 -2.0 0.09277880612416768 -2.3301709852892882 -1.0 0.017928661741823282 -5.563907262223235
-2.0 6.677921841670095 -1.2560447730714905 -1.570906681911777 -4.0 1.6363694697560618 0.5299116802084293 -1.9997692111331589 0.0 -4.2518187993807395 -2.7486788204312056 3.4163945080540934 -2.2414348857231507 -3.0 -1.2481043817736581 -0.5929685790552564 -0.9721283270287606 -3.9728852955895393 -0.7205499009518891 -2.146460812608836 -2.0572930944412384 0.9493720525393404 -0.31839624813959866 -4.069340853816875
-1.0 -1.2560447730714905 7.202341518289916 3.5664551611792166 -1.9767187169121954 -0.12932375362911086 -0.06312902416260624 -0.28750123230588404 1.0 -2.990696279444334 -2.991642620396469 1.3795169863945482 -2.2930476253981693 -4.0 -2.886895357009937 1.8428430390705481 0.8249885241600949 -4.026170169388974 -1.691931761990659 -2.811091081530837 5.355402437463961 -0.20788522639135598 -1.0 -4.954216732090136
-2.742606675905163 -1.570906681911777 3.5664551611792166 8.0 -3.566029748685119 -0.2818198744212248 1.6998792104754255 -0.2295867132705268 -1.5144633865829111 -4.231215045376028 -4.0 -1.0 -4.0043172201946655 -4.4416009546741195 -0.7138844337811088 0.4092692712620477 -1.0 -5.687335398672623 -3.2682192624811766 -3.470090456402663 5.0 -0.3183134476221505 -0.6956875211290245 -5.0
-1.0 -4.0 -1.9767187169121954 -3.566029748685119 13.636546672722037 -3.248095851394383 -2.75742983314289 -3.0513236992392416 -3.0 -2.1831899944587194 -3.2968961213336545 -1.9171161526029985 -2.7966328818598933 -1.4219733354805946 -3.690858675994056 -1.7834200617271514 -1.3700896202041635 -4.609137346027236 -3.424486523942895 -0.88036846291398 -2.614694055100455 -3.757955728044702 -2.394277162530525 -5.371570928530543
-1.3020471525680901 1.6363694697560618 -0.12932375362911086 -0.2818198744212248 -3.248095851394383 7.083455909000273 2.0 -1.3414298790191883 1.5345605998369534 -3.0 -2.0 2.0 0.18971766622803998 -3.7502507051784844 -1.0 1.4156640568028744 -0.5226417876614599 -1.3888529960201317 -0.15206505300508544 -3.0807307851665575 0.5950738956523228 4.58105487086903 -1.8502786081279319 -5.0
-1.6156776113417755 0.5299116802084293 -0.06312902416260624 1.6998792104754255 -2.75742983314289 2.0 6.0 -2.124386643801174 0.37613635851232796 -4.0 -3.9410871128973097 1.0 -2.3376998187818554 -2.7472027628539983 -1.0 -1.0 -1.1496832148945133 -3.1336369031112334 -3.4553307841424603 -3.2517454115823816 1.3444107183175602 5.163832943807341 -0.1780141540401014 -5.0
0.0961348426683285 -1.9997692111331589 -0.28750123230588404 -0.2295867132705268 -3.0513236992392416 -1.3414298790191883 -2.124386643801174 7.351247145499846 -2.139904446548132 -3.329804044983198 -4.0 -2.0 -2.5173677582301783 -3.778517946043087 -2.0 0.0 -2.0 -3.0 -2.219630357998923 -2.9683187603147125 -0.6898580085183954 -2.19817908620739 -1.990313440977966 -5.0
-2.0 0.0 1.0 -1.5144633865829111 -3.0 1.5345605998369534 0.37613635851232796 -2.139904446548132 9.572440847163323 -5.380193179039972 -1.9730432834384988 0.7472658712921426 -0.16467368401924204 -0.7907514964746603 -2.142239022022879 -1.3721825559703635 -1.2670102498397775 -2.3800708760967315 2.922198401735605 -3.668574849193022 -0.14075077983232714 0.0 -0.08442132918682954 -5.80845462443286
-0.4249340334940377 -4.2518187993807395 -2.990696279444334 -4.231215045376028 -2.1831899944587194 -3.0 -4.0 -3.329804044983198 -5.380193179039972 4.649702989581498 2.0 -3.0 2.0 1.6613558328486941 -3.581209729346103 -3.0 -1.0 -3.0 -1.605714013975649 3.166290795602147 -4.574379632525134 -1.9001064467241942 -1.7434357286500728 -5.544011816372305
-1.571624706131577 -2.7486788204312056 -2.991642620396469 -4.0 -3.2968961213336545 -2.0 -3.9410871128973097 -4.0 -1.9730432834384988 2.0 5.0 -3.0 3.0 1.2173957630862446 -4.0 -3.0 -0.037513917289593524 -2.0 -1.2845493975738695 1.4445905478273542 -4.0 -3.7599501807599474 -0.354109518490091 -5.4035296726172
-2.0541072310469244 3.4163945080540934 1.3795169863945482 -1.0 -1.9171161526029985 2.0 1.0 -2.0 0.7472658712921426 -3.0 -3.0 6.0 -2.0 -3.6888877140445215 -0.17496656999791615 -1.0916239007801138 -0.9055692537394873 -3.7327402685879796 -1.6585573314917483 -5.1099708686037575 0.0 1.2302234335705582 -1.4922045648164046 -5.067751039832911
-1.406815019470182 -2.2414348857231507 -2.2930476253981693 -4.0043172201946655 -2.7966328818598933 0.18971766622803998 -2.3376998187818554 -2.5173677582301783 -0.16467368401924204 2.0 3.0 -2.0 7.0 -1.1253835967742614 -3.0 -2.0 -1.0 -1.0 -1.4597552722918232 1.2930197874467648 -3.886797125715507 -0.9188392861247202 -1.1779730671398905 -4.938504592890711
-3.970828556896424 -3.0 -4.0 -4.4416009546741195 -1.4219733354805946 -3.7502507051784844 -2.7472027628539983 -3.778517946043087 -0.7907514964746603 1.6613558328486941 1.2173957630862446 -3.6888877140445215 -1.1253835967742614 5.808016849145582 -4.435558068768469 -4.022706810155901 -0.9702883334496086 0.9052920033984706 5.12512957735103 -1.0 -4.297340470330982 -4.0 -2.0 -4.911546622508414
0.2837611618877501 -1.2481043817736581 -2.886895357009937 -0.7138844337811088 -3.690858675994056 -1.0 -1.0 -2.0 -2.142239022022879 -3.581209729346103 -4.0 -0.17496656999791615 -3.0 -4.435558068768469 10.411439121062012 -0.7527586362406411 -1.0 -4.0 -2.9389714509110973 -2.328566183887465 -1.8912952744713973 -0.091069890799226 -1.9543489042127489 -5.0
0.8204464293464993 -0.5929685790552564 1.8428430390705481 0.4092692712620477 -1.7834200617271514 1.4156640568028744 -1.0 0.0 -1.3721825559703635 -3.0 -3.0 -1.0916239007801138 -2.0 -4.022706810155901 -0.7527586362406411 5.0 1.6586997768949745 -4.0 -2.64074406024677 -1.8652592553033853 0.42158257996945814 0.9163741792200044 -0.26525418158300496 -5.197703102582308
0.8798405900100116 -0.9721283270287606 0.8249885241600949 -1.0 -1.3700896202041635 -0.5226417876614599 -1.1496832148945133 -2.0 -1.2670102498397775 -1.0 -0.037513917289593524 -0.9055692537394873 -1.0 -0.9702883334496086 -1.0 1.6586997768949745 5.283519891055526 -3.0 -2.0656260420751313 0.6752220164559327 0.37895837803841337 -1.2354946667354825 -0.2561653234628317 -5.275989081172935
-3.1797994838598105 -3.9728852955895393 -4.026170169388974 -5.687335398672623 -4.609137346027236 -1.3888529960201317 -3.1336369031112334 -3.0 -2.3800708760967315 -3.0 -2.0 -3.7327402685879796 -1.0 0.9052920033984706 -4.0 -4.0 -3.0 15.105772488933388 2.347106357398158 -2.3764466516983433 -5.0 -0.8470416635914315 -2.6730057414881454 -4.942743251439455
-2.0 -0.7205499009518891 -1.691931761990659 -3.2682192624811766 -3.424486523942895 -0.15206505300508544 -3.4553307841424603 -2.219630357998923 2.922198401735605 -1.605714013975649 -1.2845493975738695 -1.6585573314917483 -1.4597552722918232 5.12512957735103 -2.9389714509110973 -2.64074406024677 -2.0656260420751313 2.347106357398158 7.286755997660391 -0.731579081888115 -2.875423278357787 -1.4848654408770776 -1.0 -4.710927623359665
0.09277880612416768 -2.146460812608836 -2.811091081530837 -3.470090456402663 -0.88036846291398 -3.0807307851665575 -3.2517454115823816 -2.9683187603147125 -3.668574849193022 3.166290795602147 1.4445905478273542 -5.1099708686037575 1.2930197874467648 -1.0 -2.328566183887465 -1.8652592553033853 0.6752220164559327 -2.3764466516983433 -0.731579081888115 5.419320925748641 -4.36213321569572 -2.757778021981319 -1.0 -4.928102130588833
-2.3301709852892882 -2.0572930944412384 5.355402437463961 5.0 -2.614694055100455 0.5950738956523228 1.3444107183175602 -0.6898580085183954 -0.14075077983232714 -4.574379632525134 -4.0 0.0 -3.886797125715507 -4.297340470330982 -1.8912952744713973 0.42158257996945814 0.37895837803841337 -5.0 -2.875423278357787 -4.36213321569572 5.0 0.8827271310202722 -1.7250135109047067 -5.0
-1.0 0.9493720525393404 -0.20788522639135598 -0.3183134476221505 -3.757955728044702 4.58105487086903 5.163832943807341 -2.19817908620739 0.0 -1.9001064467241942 -3.7599501807599474 1.2302234335705582 -0.9188392861247202 -4.0 -0.091069890799226 0.9163741792200044 -1.2354946667354825 -0.8470416635914315 -1.4848654408770776 -2.757778021981319 0.8827271310202722 5.127276217161445 -1.1089387401188926 -5.6587726609527955
0.017928661741823282 -0.31839624813959866 -1.0 -0.6956875211290245 -2.394277162530525 -1.8502786081279319 -0.1780141540401014 -1.990313440977966 -0.08442132918682954 -1.7434357286500728 -0.354109518490091 -1.4922045648164046 -1.1779730671398905 -2.0 -1.9543489042127489 -0.26525418158300496 -0.2561653234628317 -2.6730057414881454 -1.0 -1.0 -1.7250135109047067 -1.1089387401188926 -1.0923513680387924 -5.346879913461929
-5.563907262223235 -4.069340853816875 -4.954216732090136 -5.0 -5.371570928530543 -5.0 -5.0 -5.0 -5.80845462443286 -5.544011816372305 -5.4035296726172 -5.067751039832911 -4.938504592890711 -4.911546622508414 -5.0 -5.197703102582308 -5.275989081172935 -4.942743251439455 -4.710927623359665 -4.928102130588833 -5.0 -5.6587726609527955 -5.346879913461929 1.0
