A R N D C Q E G H I L K M F P S T W Y V B Z X *
4.373995835898871 -1.567103430921858 -2.1657797984386975 -2.2611383170452335 -3.2376929613532512 -0.6722841981482239 -2.4557191111968906 0.539612238029137 -3.039445761969764 0.9095899861789388 -1.8638767948592954 -0.7715398672309586 -2.38336149226621 -4.288611837284669 -0.84733623197295 0.5147679042941337 4.746749798786192 -2.8235983538780216 -3.6425158541045524 0.4878021908788625 -2.256579648241377 -0.27213801451265895 0.34694164962384083 -4.8385307581011405
-1.567103430921858 9.869973363572784 -2.885315002032231 -1.508838825236417 -6.354284163095923 0.6233671813278442 2.3121699151599286 -0.9448455569840141 2.152820311264063 -2.3825925463148923 -3.0387036028595023 2.4557418753395526 -0.06671050123626279 -2.864499257495213 -5.28282052460037 0.8950222128929671 -2.2217680841509093 -2.3869305670628345 -4.464391288630187 -3.008458083266668 -0.08891815946726911 1.1947828504938978 -0.8965689919107849 -5.015310535313476
-2.1657797984386975 -2.885315002032231 9.126528787826727 2.287427572925637 -1.260253873652835 -0.4102168484460545 -1.4930393379742775 -2.4192139581894554 -0.6220354179777527 -3.191890985487169 -3.0151807284302232 -0.07305480237253281 -4.844232985810949 -3.980009699658337 -1.6270306507817254 1.6405580418087213 0.08528013258670492 -5.081094303356407 -2.039551274735782 -2.4505771427852054 3.828376942129344 -0.4094048376821613 -0.6930830834873483 -3.5636668702352083
-2.2611383170452335 -1.508838825236417 2.287427572925637 10.285200658982921 -4.699756513289824 -0.7190013834730755 1.9949110371489926 0.22865622473758723 0.21964543248763993 -4.741637972778171 -5.67282013885777 0.36805509314388773 -6.7970677427146615 -4.640448302085999 -1.830450663413718 0.635744972493658 0.2215965502783372 -4.851571535298875 -3.9003437614043053 -2.5119915291976636 5.481880468039951 0.6054655376869411 -1.2085528509778758 -4.9444414494159785
-3.2376929613532512 -6.354284163095923 -1.260253873652835 -4.699756513289824 14.296612634810229 -2.484581856129532 -2.5073596388076527 -2.2192285356317516 -2.614713638421804 -2.810622490780132 -2.2978874469551687 -3.6253638462577236 -2.666147743519339 -2.0924519819034355 -5.007254639046367 0.1251910946283845 -0.7169656942336008 -4.646517467330542 -5.132384536773035 -2.6843030145594584 -2.6537079659313525 -0.6368284140606899 -1.6955579959608464 -4.058370731041075
-0.6722841981482239 0.6233671813278442 -0.4102168484460545 -0.7190013834730755 -2.484581856129532 8.55009315944615 2.9097675425692664 -3.4843020747383298 1.5445234434144055 -1.333921749789439 -4.128675323871544 2.94420536566514 1.0416938832705105 -4.691610678805318 0.14614950036446217 -0.15005278834806424 -0.03406217944361883 -1.644557605431568 -0.10394814523872814 -2.0827184021485787 -0.6057560179042035 2.2625295924930153 -0.584474956421063 -4.563599147128897
-2.4557191111968906 2.3121699151599286 -1.4930393379742775 1.9949110371489926 -2.5073596388076527 2.9097675425692664 5.055620192052385 -4.30251076687232 0.3869843748722135 -4.054568765833866 -1.5745063256306748 1.9402530409347216 -3.7089947774248517 -2.4704371817223185 -1.9742320362980037 0.19302689453673325 0.519805650515199 -2.8938884599606185 -0.2995076267969583 -4.115234266197009 1.0616927371062794 6.227978548585096 -0.9675014153301538 -4.1076363431320555
0.539612238029137 -0.9448455569840141 -2.4192139581894554 0.22865622473758723 -2.2192285356317516 -3.4843020747383298 -4.30251076687232 6.893403112951855 -3.737433095194925 -3.0639448378369796 -1.9880814218450202 -2.564201290721658 -3.574724797120844 -4.32899347105664 -1.361751190690091 -1.2287371932162707 -0.20122798145317977 -3.4751977621120926 -1.7823227914189683 -3.9857651733950408 -2.819005972189325 -2.0 -1.1482828588791822 -4.226795929057191
-3.039445761969764 2.152820311264063 -0.6220354179777527 0.21964543248763993 -2.614713638421804 1.5445234434144055 0.3869843748722135 -3.737433095194925 9.800927186772846 -3.829017490119843 -3.4228238191332014 -0.9726718789470689 -1.9284993124977252 -0.23069847434596058 -2.3995124387351385 -3.1963923053681316 -2.0885239025989786 -3.1115996562460775 2.646180461704205 -2.266501590812633 0.5852828636659997 -0.9096370080128762 -0.6596435941600609 -3.9838579214782746
0.9095899861789388 -2.3825925463148923 -3.191890985487169 -4.741637972778171 -2.810622490780132 -1.333921749789439 -4.054568765833866 -3.0639448378369796 -3.829017490119843 6.074184175869044 3.0039250787287095 -5.88447070229555 2.1735628754944747 -2.14924282579553 -1.8648947086924437 -1.601078685417947 -0.19502666174937 -2.968213479809469 -1.4632492365843446 4.895095905138617 -2.7110931671234497 -3.3481157916485165 -0.6570497554094245 -4.209674177450277
-1.8638767948592954 -3.0387036028595023 -3.0151807284302232 -5.67282013885777 -2.2978874469551687 -4.128675323871544 -1.5745063256306748 -1.9880814218450202 -3.4228238191332014 3.0039250787287095 3.511657722944338 -3.081851002468766 0.4202296471868182 -0.6755156559403838 -3.484178392854513 -3.3706763844506775 -1.164939196806592 -2.2513592715400783 -1.656164827219381 3.157645231986865 -3.751384929019104 -3.6354276983654694 1.128832822487196 -4.840217945297769
-0.7715398672309586 2.4557418753395526 -0.07305480237253281 0.36805509314388773 -3.6253638462577236 2.94420536566514 1.9402530409347216 -2.564201290721658 -0.9726718789470689 -5.88447070229555 -3.081851002468766 6.871104100379058 -0.7869812726212051 -4.760162449421065 -1.19888557761451 0.285608060387166 -0.6963277610354209 -4.893470509458322 -2.9261552686755357 -1.3041777234311882 0.9010036711612823 0.25680518274832387 -0.8701415126711438 -3.905691446830214
-2.38336149226621 -0.06671050123626279 -4.844232985810949 -6.7970677427146615 -2.666147743519339 1.0416938832705105 -3.7089947774248517 -3.574724797120844 -1.9284993124977252 2.1735628754944747 0.4202296471868182 -0.7869812726212051 7.701005020776811 0.478568122241272 -4.291731330392934 -1.90270996562365 -0.6173382603367747 0.2707773703909957 0.13457041373768247 3.079233469850735 -2.9212033575803087 -2.375205988370125 -1.0 -5.948864062489561
-4.288611837284669 -2.864499257495213 -3.980009699658337 -4.640448302085999 -2.0924519819034355 -4.691610678805318 -2.4704371817223185 -4.32899347105664 -0.23069847434596058 -2.14924282579553 -0.6755156559403838 -4.760162449421065 0.478568122241272 8.700569565491438 -4.093662440959619 -2.797682858963633 -2.748844345189313 1.0268711003300184 3.06764431328173 -1.789384678060223 -6.345916624387695 -3.9880851187171187 -3.2391342904866365 -5.635448541680772
-0.84733623197295 -5.28282052460037 -1.6270306507817254 -1.830450663413718 -5.007254639046367 0.14614950036446217 -1.9742320362980037 -1.361751190690091 -2.3995124387351385 -1.8648947086924437 -3.484178392854513 -1.19888557761451 -4.291731330392934 -4.093662440959619 9.66177949773308 -0.013762847958688804 -0.22643796410786327 -3.2083580897119335 -3.3066494359730325 -2.505691480274511 0.22410961054461692 -2.0450170329942603 -0.811625270474708 -5.298911828295554
0.5147679042941337 0.8950222128929671 1.6405580418087213 0.635744972493658 0.1251910946283845 -0.15005278834806424 0.19302689453673325 -1.2287371932162707 -3.1963923053681316 -1.601078685417947 -3.3706763844506775 0.285608060387166 -1.90270996562365 -2.797682858963633 -0.013762847958688804 5.843593573541679 0.5000628778063881 -4.10394447396601 -1.1557005367129145 -3.18040442513178 -1.2291646066308042 -0.03691794374147135 -0.4436523797589902 -4.328418963124526
4.746749798786192 -2.2217680841509093 0.08528013258670492 0.2215965502783372 -0.7169656942336008 -0.03406217944361883 0.519805650515199 -0.20122798145317977 -2.0885239025989786 -0.19502666174937 -1.164939196806592 -0.6963277610354209 -0.6173382603367747 -2.748844345189313 -0.22643796410786327 0.5000628778063881 5.7401301820586035 -3.612131219326911 -2.146333078493914 0.11400669923280282 -1.5323454731715094 -2.0705953965006443 -0.1236840841713047 -6.551518324287848
-2.8235983538780216 -2.3869305670628345 -5.081094303356407 -4.851571535298875 -4.646517467330542 -1.644557605431568 -2.8938884599606185 -3.4751977621120926 -3.1115996562460775 -2.968213479809469 -2.2513592715400783 -4.893470509458322 0.2707773703909957 1.0268711003300184 -3.2083580897119335 -4.10394447396601 -3.612131219326911 15.04826724790682 3.335853775431451 -0.5500077233440426 -6.392925804412035 -2.802742316490732 -3.8074766567751306 -4.76070061566612
-3.6425158541045524 -4.464391288630187 -2.039551274735782 -3.9003437614043053 -5.132384536773035 -0.10394814523872814 -0.2995076267969583 -1.7823227914189683 2.646180461704205 -1.4632492365843446 -1.656164827219381 -2.9261552686755357 0.13457041373768247 3.06764431328173 -3.3066494359730325 -1.1557005367129145 -2.146333078493914 3.335853775431451 8.117079260817682 -1.6988757089456836 -3.4568993466928566 -2.385142599901297 2.714456229662304 -5.361557041935831
0.4878021908788625 -3.008458083266668 -2.4505771427852054 -2.5119915291976636 -2.6843030145594584 -2.0827184021485787 -4.115234266197009 -3.9857651733950408 -2.266501590812633 4.895095905138617 3.157645231986865 -1.3041777234311882 3.079233469850735 -1.789384678060223 -2.505691480274511 -3.18040442513178 0.11400669923280282 -0.5500077233440426 -1.6988757089456836 6.141207247327446 -2.58514373375184 -2.94955001565749 -3.131097021229939 -5.250572121779236
-2.256579648241377 -0.08891815946726911 3.828376942129344 5.481880468039951 -2.6537079659313525 -0.6057560179042035 1.0616927371062794 -2.819005972189325 0.5852828636659997 -2.7110931671234497 -3.751384929019104 0.9010036711612823 -2.9212033575803087 -6.345916624387695 0.22410961054461692 -1.2291646066308042 -1.5323454731715094 -6.392925804412035 -3.4568993466928566 -2.58514373375184 5.210963253483847 1.4480240029988982 0.24428713046740586 -5.4342335284909
-0.27213801451265895 1.1947828504938978 -0.4094048376821613 0.6054655376869411 -0.6368284140606899 2.2625295924930153 6.227978548585096 -2.0 -0.9096370080128762 -3.3481157916485165 -3.6354276983654694 0.25680518274832387 -2.375205988370125 -3.9880851187171187 -2.0450170329942603 -0.03691794374147135 -2.0705953965006443 -2.802742316490732 -2.385142599901297 -2.94955001565749 1.4480240029988982 5.269154205664239 -0.17622649477636732 -5.289106282978606
0.34694164962384083 -0.8965689919107849 -0.6930830834873483 -1.2085528509778758 -1.6955579959608464 -0.584474956421063 -0.9675014153301538 -1.1482828588791822 -0.6596435941600609 -0.6570497554094245 1.128832822487196 -0.8701415126711438 -1.0 -3.2391342904866365 -0.811625270474708 -0.4436523797589902 -0.1236840841713047 -3.8074766567751306 2.714456229662304 -3.131097021229939 0.24428713046740586 -0.17622649477636732 -1.0687196145847173 -5.490201526334654
-4.8385307581011405 -5.015310535313476 -3.5636668702352083 -4.9444414494159785 -4.058370731041075 -4.563599147128897 -4.1076363431320555 -4.226795929057191 -3.9838579214782746 -4.209674177450277 -4.840217945297769 -3.905691446830214 -5.948864062489561 -5.635448541680772 -5.298911828295554 -4.328418963124526 -6.551518324287848 -4.76070061566612 -5.361557041935831 -5.250572121779236 -5.4342335284909 -5.289106282978606 -5.490201526334654 0.7368137739167954
