A R N D C Q E G H I L K M F P S T W Y V B Z X *
1.1555654299809976 0.8467037862653786 1.1578538479119076 -5.309933482912772 -1.7688434581767285 8.219924296354238 -7.018633724862565 3.2924362621643506 -5.335589698753416 -0.10895646925692243 -0.783188728810888 3.65388036108967 1.001602620108881 2.1737116416053675 -1.651336528044633 -7.668462983540492 7.19376681339604 6.594055567054818 3.1124081465924665 -8.09869104335209 -1.5019633158575982 7.851250822567846 -1.6322597236474596 9.146976797565898
0.8467037862653786 -1.0086505521345277 2.486452881988922 -4.19966043661717 -4.3952936855806595 5.335137109235131 1.7157453940717393 4.617635039896142 4.480062556835958 0.7194414682613821 -6.9186615016980015 -2.0 -8.868195210331741 7.988368251621888 -7.910635193545221 3.1765836905485143 -4.142440284446876 -5.003947334479151 1.8785407471200106 -0.5399994187596545 -1.5771855896555838 4.163998760252231 -8.218987985314266 7.4282048220838295
1.1578538479119076 2.486452881988922 -5.126327341184138 2.1903299395311735 5.0303169275193245 1.2790185257940134 4.464725482601426 -3.7543221147869024 -4.831352640271245 -9.118259973304518 8.019750468225517 8.713190021248248 4.710323862914441 6.177103484556571 6.82790394388206 2.8758587626163887 -2.7005353085124844 -6.147121887162865 4.516322638668652 1.7167586243566257 0.14417680489639625 0.2441600952231856 6.971995391019852 -0.06387579514964653
-5.309933482912772 -4.19966043661717 2.1903299395311735 6.110830942018254 0.21634786996822297 0.8310377165030328 0.0 -7.563399879062152 -8.62485054287474 4.523568152018939 -8.678279140801001 2.971130883873774 4.866670674518076 6.298964050493731 8.562600826536725 -7.969871155768447 3.491553162202615 0.8086479173781291 5.265108427879601 4.661869029843121 -1.9467286795046492 3.3972191072025213 4.7662045226275165 -0.42080978891141385
-1.7688434581767285 -4.3952936855806595 5.0303169275193245 0.21634786996822297 -1.5867116975164455 1.0447851664823378 -0.015866342864753857 1.7945238298528132 -2.9380722035818474 4.186148481999972 0.3419044688625811 -6.514123916835709 3.393147912434707 -2.434541167832717 -7.505240238775091 1.611121431837137 -4.229334257495595 4.686508387409706 -2.7814181967053058 -0.9902427536750038 7.544741861496172 2.2265793911961067 4.673134067490934 9.478114760248182
8.219924296354238 5.335137109235131 1.2790185257940134 0.8310377165030328 1.0447851664823378 -1.8278307232861957 -4.524821672569115 3.6069504395871044 5.510249423935595 1.5428284906390792 -2.077159061548006 2.792867265337423 4.1668340608728975 -5.932828809031569 -9.492435361288837 0.9451951848759181 5.6011957501074745 2.5322462141935125 -9.436198338243008 3.8601255959069145 1.804282470549318 4.216366154078213 0.47756729369406126 -8.995660106216759
-7.018633724862565 1.7157453940717393 4.464725482601426 0.0 -0.015866342864753857 -4.524821672569115 -3.484950123511942 5.719499832071423 8.925643679087585 0.8366728613856924 -0.488929014563772 -5.219140008568614 1.8718816531298614 3.7333896324723783 2.90364727427262 5.785821369186001 -6.395989455450437 6.1273438067720365 5.742737195217128 -0.645406790829358 -9.397253266028676 6.064418842099143 2.6314294328857257 -11.358727271696111
3.2924362621643506 4.617635039896142 -3.7543221147869024 -7.563399879062152 1.7945238298528132 3.6069504395871044 5.719499832071423 1.1887908473454316 2.3991812337490113 -7.853601602712104 -7.835359647014704 1.2201440833896176 -2.1089404018197193 10.593653767007044 2.315735559106538 -3.351440706722176 5.020920931577676 -6.8520735867595 3.7238658272815397 -3.7606291423161182 8.791178859559418 -5.644579914598799 7.666041635450715 -6.8639385618321445
-5.335589698753416 4.480062556835958 -4.831352640271245 -8.62485054287474 -2.9380722035818474 5.510249423935595 8.925643679087585 2.3991812337490113 6.48727913493045 4.417562783402069 -3.813210664673003 -8.121562265003849 -4.0941569421174435 3.90362727907837 8.198839080548726 -0.19022276746508726 1.2641392155907079 -5.659703247993786 -0.47359891856288483 1.139834196501614 0.7058657590403152 1.6638704993549263 0.5343931908063042 -4.795967350892332
-0.10895646925692243 0.7194414682613821 -9.118259973304518 4.523568152018939 4.186148481999972 1.5428284906390792 0.8366728613856924 -7.853601602712104 4.417562783402069 -0.5845501088586609 8.198077773220449 2.5189228051281094 5.292318056367076 -1.3637759395347528 7.830012117416123 -9.919899081231032 -4.059327048709563 -7.0 3.7274068928245354 -0.1991453026888904 -8.431254287840707 -2.755216283107327 -4.483933022991469 -9.279184320293924
-0.783188728810888 -6.9186615016980015 8.019750468225517 -8.678279140801001 0.3419044688625811 -2.077159061548006 -0.488929014563772 -7.835359647014704 -3.813210664673003 8.198077773220449 7.7594655510372705 -5.271718429905196 2.8691288402018893 -1.3694170189290562 -5.846775130836839 1.5389892586146106 3.615411479909717 6.260677752861627 5.262873954546655 0.9560086366498217 -9.654508828295732 -4.8453934196499935 -1.1380627054744896 -4.922597473126584
3.65388036108967 -2.0 8.713190021248248 2.971130883873774 -6.514123916835709 2.792867265337423 -5.219140008568614 1.2201440833896176 -8.121562265003849 2.5189228051281094 -5.271718429905196 -4.0 -8.716415303070946 2.862699252414539 -2.7149411961826075 3.235260439003632 5.165385488448742 8.840858816034538 -6.288189435763955 8.243901798085547 7.978596902793091 -7.131060569844218 5.060071174716588 9.183405128665614
1.001602620108881 -8.868195210331741 4.710323862914441 4.866670674518076 3.393147912434707 4.1668340608728975 1.8718816531298614 -2.1089404018197193 -4.0941569421174435 5.292318056367076 2.8691288402018893 -8.716415303070946 6.311867333072921 -0.26998337069618494 0.7782501788959997 8.705571676583482 1.3320960106792246 -7.173623731012641 3.6655764501524395 -0.01973665239932465 -4.334769718982637 -5.984079422355827 -3.841766978949255 -3.4870703788338133
2.1737116416053675 7.988368251621888 6.177103484556571 6.298964050493731 -2.434541167832717 -5.932828809031569 3.7333896324723783 10.593653767007044 3.90362727907837 -1.3637759395347528 -1.3694170189290562 2.862699252414539 -0.26998337069618494 -0.5340165645518569 3.149572969615682 3.891644078516071 -0.5067474030684208 7.446499952659121 -3.6976163237541573 7.3101910378387815 -7.319231426151728 6.503389299845489 2.043653273730768 -2.042415197032426
-1.651336528044633 -7.910635193545221 6.82790394388206 8.562600826536725 -7.505240238775091 -9.492435361288837 2.90364727427262 2.315735559106538 8.198839080548726 7.830012117416123 -5.846775130836839 -2.7149411961826075 0.7782501788959997 3.149572969615682 2.35109326892593 0.41911699154791093 10.843946522678646 -0.04597219458200097 2.2449584466228103 4.90232486416028 6.627717935286925 -0.829281097013929 0.14253243466469623 -6.0727295569829876
-7.668462983540492 3.1765836905485143 2.8758587626163887 -7.969871155768447 1.611121431837137 0.9451951848759181 5.785821369186001 -3.351440706722176 -0.19022276746508726 -9.919899081231032 1.5389892586146106 3.235260439003632 8.705571676583482 3.891644078516071 0.41911699154791093 1.8817707798572314 -7.343664121166394 9.167147034558404 -7.261477838709709 4.335118317637685 4.817097761102706 4.483989545875249 -6.341360467766953 8.801694414291772
7.19376681339604 -4.142440284446876 -2.7005353085124844 3.491553162202615 -4.229334257495595 5.6011957501074745 -6.395989455450437 5.020920931577676 1.2641392155907079 -4.059327048709563 3.615411479909717 5.165385488448742 1.3320960106792246 -0.5067474030684208 10.843946522678646 -7.343664121166394 2.1273144818608376 0.3422165301508391 1.6655343107864362 -7.232005758527652 -5.878596311383561 -7.6492177069084075 -6.640653943759735 -0.7237855151526748
6.594055567054818 -5.003947334479151 -6.147121887162865 0.8086479173781291 4.686508387409706 2.5322462141935125 6.1273438067720365 -6.8520735867595 -5.659703247993786 -7.0 6.260677752861627 8.840858816034538 -7.173623731012641 7.446499952659121 -0.04597219458200097 9.167147034558404 0.3422165301508391 4.783300702556392 -1.6153964126492815 1.3164085464376711 -5.704437362126605 3.4449167513713608 -6.1686995947755445 8.706697962628834
3.1124081465924665 1.8785407471200106 4.516322638668652 5.265108427879601 -2.7814181967053058 -9.436198338243008 5.742737195217128 3.7238658272815397 -0.47359891856288483 3.7274068928245354 5.262873954546655 -6.288189435763955 3.6655764501524395 -3.6976163237541573 2.2449584466228103 -7.261477838709709 1.6655343107864362 -1.6153964126492815 -1.7570271516870641 1.9139504727415355 -10.102397607198027 1.8727365599667039 4.737785348220294 3.8697921763212046
-8.09869104335209 -0.5399994187596545 1.7167586243566257 4.661869029843121 -0.9902427536750038 3.8601255959069145 -0.645406790829358 -3.7606291423161182 1.139834196501614 -0.1991453026888904 0.9560086366498217 8.243901798085547 -0.01973665239932465 7.3101910378387815 4.90232486416028 4.335118317637685 -7.232005758527652 1.3164085464376711 1.9139504727415355 4.524811379206002 8.30932320492887 7.427566111314594 4.298957644689405 -8.706349454006087
-1.5019633158575982 -1.5771855896555838 0.14417680489639625 -1.9467286795046492 7.544741861496172 1.804282470549318 -9.397253266028676 8.791178859559418 0.7058657590403152 -8.431254287840707 -9.654508828295732 7.978596902793091 -4.334769718982637 -7.319231426151728 6.627717935286925 4.817097761102706 -5.878596311383561 -5.704437362126605 -10.102397607198027 8.30932320492887 -4.534740063698719 -9.409007129817638 6.688203440346659 -8.601731346179415
7.851250822567846 4.163998760252231 0.2441600952231856 3.3972191072025213 2.2265793911961067 4.216366154078213 6.064418842099143 -5.644579914598799 1.6638704993549263 -2.755216283107327 -4.8453934196499935 -7.131060569844218 -5.984079422355827 6.503389299845489 -0.829281097013929 4.483989545875249 -7.6492177069084075 3.4449167513713608 1.8727365599667039 7.427566111314594 -9.409007129817638 4.152976885754835 0.7486649452570144 -7.810531475817334
-1.6322597236474596 -8.218987985314266 6.971995391019852 4.7662045226275165 4.673134067490934 0.47756729369406126 2.6314294328857257 7.666041635450715 0.5343931908063042 -4.483933022991469 -1.1380627054744896 5.060071174716588 -3.841766978949255 2.043653273730768 0.14253243466469623 -6.341360467766953 -6.640653943759735 -6.1686995947755445 4.737785348220294 4.298957644689405 6.688203440346659 0.7486649452570144 8.411812572365696 -4.885391863505406
9.146976797565898 7.4282048220838295 -0.06387579514964653 -0.42080978891141385 9.478114760248182 -8.995660106216759 -11.358727271696111 -6.8639385618321445 -4.795967350892332 -9.279184320293924 -4.922597473126584 9.183405128665614 -3.4870703788338133 -2.042415197032426 -6.0727295569829876 8.801694414291772 -0.7237855151526748 8.706697962628834 3.8697921763212046 -8.706349454006087 -8.601731346179415 -7.810531475817334 -4.885391863505406 5.599563468305064
